  Residue      Total   Apolar  Backbone Sidechain Ratio(%) In/Out
 MET      1   127.53    77.60    76.32    51.21     32.4      
 THR      2    61.59    33.51    12.55    49.04     46.2      
 GLU      3    86.92    26.66    12.74    74.18     52.5     o
 TYR      4     8.51     6.70     0.02     8.48      4.4     i
 LYS      5    36.40    36.15     0.00    36.40     22.1      
 LEU      6     0.04     0.04     0.00     0.04      0.0     i
 VAL      7     0.03     0.01     0.02     0.01      0.0     i
 VAL      8     0.02     0.02     0.00     0.02      0.0     i
 VAL      9     0.55     0.55     0.33     0.22      0.2     i
 GLY     10     0.76     0.52     0.76     0.00      0.9     i
 ALA     11    14.51    14.14     1.67    12.84     19.8     i
 GLY     12    55.67    28.86    55.67     0.00     63.8     o
 GLY     13    65.06    50.92    65.06     0.00     74.6     o
 VAL     14     2.81     2.74     0.46     2.35      1.9     i
 GLY     15    16.26    15.51    16.26     0.00     18.7     i
 LYS     16    13.30     7.68     1.18    12.12      7.4     i
 SER     17    27.70    24.49     0.71    27.00     34.9      
 ALA     18     9.98     9.85     0.13     9.85     15.2     i
 LEU     19     0.00     0.00     0.00     0.00      0.0     i
 THR     20     0.00     0.00     0.00     0.00      0.0     i
 ILE     21    22.62    22.62     0.00    22.62     15.4     i
 GLN     22     9.09     0.00     0.00     9.09      6.3     i
 LEU     23    18.61     7.73    10.88     7.73      5.3     i
 ILE     24    29.71    16.33    13.39    16.33     11.1     i
 GLN     25    99.00    32.28    22.23    76.77     53.4     o
 ASN     26    99.68    29.46    11.66    88.02     77.0     o
 HIS     27    92.54    80.27     6.45    86.09     55.7     o
 PHE     28    74.76    57.07    17.69    57.07     31.7      
 VAL     29    41.74    36.08    10.24    31.50     25.8      
 ASP     30   116.14    21.80    25.55    90.60     80.2     o
 GLU     31   143.78    44.75    34.79   108.99     77.2     o
 TYR     32   201.62   146.22    28.11   173.50     89.9     o
 ASP     33   103.69    20.68    16.80    86.89     76.9     o
 PRO     34    86.54    80.33    20.17    66.37     63.1     o
 THR     35    22.89     9.59    13.72     9.18      8.6     i
 ILE     36   154.75   147.27    10.06   144.70     98.2     o
 GLU     37    92.40    22.27    15.85    76.55     54.2     o
 ASP     38    67.26    15.30     8.04    59.22     52.4     o
 SER     39    71.50    31.86    20.65    50.85     65.7     o
 TYR     40    42.78    29.22     6.31    36.47     18.9     i
 ARG     41   132.42    64.59    22.48   109.93     56.2     o
 LYS     42    88.46    49.03     6.54    81.93     49.8      
 GLN     43   125.34    28.17    12.07   113.27     78.8     o
 VAL     44    26.74    25.95     9.78    16.96     13.9     i
 VAL     45   103.61    83.73    19.88    83.73     68.5     o
 ILE     46     2.79     2.79     2.16     0.63      0.4     i
 ASP     47    97.28    47.09    45.45    51.83     45.9      
 GLY     48    71.13    41.48    71.13     0.00     81.6     o
 GLU     49    59.84    37.49     8.62    51.23     36.3      
 THR     50    85.94    67.77     1.09    84.85     79.9     o
 CYS     51     0.02     0.00     0.02     0.00      0.0     i
 LEU     52    13.90    13.90     0.00    13.90      9.5     i
 LEU     53     0.09     0.09     0.00     0.09      0.1     i
 ASP     54    23.58     1.76     0.00    23.58     20.9      
 ILE     55     0.00     0.00     0.00     0.00      0.0     i
 LEU     56    19.75    19.75     0.00    19.75     13.5     i
 ASP     57     0.76     0.00     0.00     0.76      0.7     i
 THR     58     1.55     1.04     0.15     1.40      1.3     i
 ALA     59    27.56    25.93     2.85    24.71     38.1      
 GLY     60    14.70     1.85    14.70     0.00     16.9     i
 GLN     61   112.02    38.84     3.90   108.12     75.2     o
 GLU     62   123.49    68.87     1.66   121.83     86.3     o
 GLU     63    92.01    57.10    15.44    76.57     54.2     o
 TYR     64   151.72   108.26    19.06   132.66     68.7     o
 SER     65    56.79    38.18     3.04    53.76     69.5     o
 ALA     66    79.69    72.06    11.53    68.16    100.0     o
 MET     67   124.97   120.19     9.34   115.63     73.0     o
 ARG     68    20.97     7.61     0.22    20.75     10.6     i
 ASP     69    26.54     7.42     0.00    26.54     23.5      
 GLN     70   117.34    38.56     0.41   116.93     81.4     o
 TYR     71    25.50    24.73     5.12    20.38     10.6     i
 MET     72     0.05     0.05     0.00     0.05      0.0     i
 ARG     73   139.48    75.74    12.46   127.03     65.0     o
 THR     74    88.92    57.79    17.76    71.16     67.0     o
 GLY     75     0.57     0.00     0.57     0.00      0.7     i
 GLU     76    71.08    32.59     6.00    65.08     46.1      
 GLY     77     0.00     0.00     0.00     0.00      0.0     i
 PHE     78     0.00     0.00     0.00     0.00      0.0     i
 LEU     79     0.03     0.03     0.00     0.03      0.0     i
 CYS     80     0.43     0.34     0.01     0.41      0.4     i
 VAL     81     0.19     0.00     0.19     0.00      0.0     i
 PHE     82     0.00     0.00     0.00     0.00      0.0     i
 ALA     83     2.01     2.01     0.00     2.01      3.1     i
 ILE     84     0.27     0.27     0.00     0.27      0.2     i
 ASN     85    51.17     5.74    15.35    35.82     31.3      
 ASN     86    63.94    16.34     4.60    59.34     51.9     o
 THR     87    65.17    61.33     1.45    63.72     60.0     o
 LYS     88   150.13   105.44     2.55   147.57     89.7     o
 SER     89     2.43     1.65     1.34     1.09      1.4     i
 PHE     90    18.48    18.48     0.00    18.48     10.3     i
 GLU     91    94.21    31.96     3.40    90.81     64.3     o
 ASP     92    41.55     4.13     0.59    40.96     36.3      
 ILE     93     0.93     0.93     0.00     0.93      0.6     i
 HIS     94    67.95    56.90     0.15    67.80     43.9      
 GLN     95   123.70    59.75     4.24   119.46     83.1     o
 TYR     96    21.93    15.94     1.31    20.62     10.7     i
 ARG     97    12.73     0.67     0.00    12.73      6.5     i
 GLU     98    86.24    44.25     2.00    84.24     59.7     o
 GLN     99    30.12    10.27     3.32    26.80     18.6     i
 ILE    100     0.00     0.00     0.00     0.00      0.0     i
 LYS    101    49.63    27.13     2.69    46.94     28.5      
 ARG    102   144.07    96.69    17.38   126.69     64.8     o
 VAL    103    23.20    10.63    20.18     3.02      2.5     i
 LYS    104    53.18    34.38    20.33    32.85     20.0     i
 ASP    105   137.48    41.47    35.41   102.07     90.3     o
 SER    106    30.94    26.74    10.86    20.08     25.9      
 ASP    107   120.23    39.23     9.14   111.09     98.3     o
 ASP    108    97.94    37.42     3.04    94.90     84.0     o
 VAL    109     5.28     2.14     3.66     1.62      1.3     i
 PRO    110    12.26    12.26     5.96     6.29      6.0     i
 MET    111     0.55     0.43     0.12     0.43      0.3     i
 VAL    112     0.00     0.00     0.00     0.00      0.0     i
 LEU    113     0.04     0.04     0.00     0.04      0.0     i
 VAL    114     0.00     0.00     0.00     0.00      0.0     i
 GLY    115     0.00     0.00     0.00     0.00      0.0     i
 ASN    116     1.75     0.00     0.00     1.75      1.5     i
 LYS    117    56.59    27.07     2.30    54.29     33.0      
 CYS    118    36.09     5.75    19.74    16.35     16.0     i
 ASP    119    55.49    23.13    37.92    17.56     15.5     i
 LEU    120    79.89    74.65     8.29    71.60     49.0      
 ALA    121   103.85    84.66    28.50    75.35    100.0     o
 ALA    122    58.74    52.96    58.74     0.00      0.0     i
 ARG    123    85.53    49.11    22.97    62.56     32.0      
 THR    124    87.76    69.45    26.61    61.15     57.6     o
 VAL    125     0.58     0.58     0.16     0.41      0.3     i
 GLU    126    79.64    36.42     4.76    74.88     53.0     o
 SER    127    42.94    34.12     0.36    42.57     55.0     o
 ARG    128   166.77    80.44     3.64   163.13     83.4     o
 GLN    129    80.29    42.50     9.53    70.76     49.2      
 ALA    130     0.00     0.00     0.00     0.00      0.0     i
 GLN    131    79.78    44.25     0.00    79.78     55.5     o
 ASP    132    89.77    28.56     5.35    84.41     74.7     o
 LEU    133    27.84    27.84     4.53    23.31     15.9     i
 ALA    134     0.00     0.00     0.00     0.00      0.0     i
 ARG    135   179.69    76.55     7.48   172.21     88.1     o
 SER    136    90.19    59.14    41.90    48.29     62.4     o
 TYR    137    39.81    27.24    15.21    24.60     12.7     i
 GLY    138    60.95    35.68    60.95     0.00     69.9     o
 ILE    139    18.83    13.84     9.09     9.74      6.6     i
 PRO    140    40.72    40.62    12.43    28.28     26.9      
 TYR    141    28.99    10.13    18.86    10.13      5.2     i
 ILE    142    27.11    27.11     5.02    22.09     15.0     i
 GLU    143    43.45    24.19     7.99    35.46     25.1      
 THR    144     0.00     0.00     0.00     0.00      0.0     i
 SER    145     0.63     0.63     0.06     0.57      0.7     i
 ALA    146     3.86     3.07     0.79     3.07      4.7     i
 LYS    147   117.68    65.55    14.85   102.83     62.5     o
 THR    148    84.87    64.33    30.25    54.62     51.4     o
 ARG    149    71.46    51.89     7.36    64.09     32.8      
 GLN    150   111.23    31.40    12.42    98.80     68.8     o
 GLY    151    14.44    10.61    14.44     0.00     16.6     i
 VAL    152     0.25     0.01     0.24     0.01      0.0     i
 GLU    153    81.37    17.37     0.56    80.81     57.2     o
 ASP    154    71.11    18.55     5.98    65.13     57.6     o
 ALA    155     0.00     0.00     0.00     0.00      0.0     i
 PHE    156     0.03     0.03     0.00     0.03      0.0     i
 TYR    157    52.27    33.31     0.00    52.27     27.1      
 THR    158    24.50    19.31     0.30    24.19     22.8      
 LEU    159     0.00     0.00     0.00     0.00      0.0     i
 VAL    160     0.04     0.04     0.00     0.04      0.0     i
 ARG    161    95.22    58.07     0.96    94.26     48.2      
 GLU    162    54.96     1.55     3.97    50.99     36.1      
 ILE    163    22.96    16.60     6.36    16.60     11.3     i
 ARG    164    88.48    50.25    36.88    51.59     26.4      
 GLN    165   161.92    51.12    30.55   131.37     91.4     o
 HIS    166   149.37    65.60    41.00   108.37     70.1     o
 ---------------------------------------------
 POLAR  area/energy         =         3855.69
 APOLAR area/energy         =         4767.75
 UNKNOW area/energy         =            0.00
 ---------------------------------------------
 Total  area/energy         =         8623.43
 ---------------------------------------------
 Number of surface atoms    =  750
 Number of buried atoms     =  572
 Number of atoms with ASP=0 =  0
***Thanks for using Getarea. Please visit us again. http://curie.utmb.edu/***
